x1=[22.56614225
22.68620526
22.56484081
22.55888775
22.55899906
22.56277351
22.50001192
22.52486369
22.519087
22.4981901
22.51578568
22.54220963
22.54458961
22.56470734
22.58193448
22.54293611
22.52394954
22.54927013
22.7563793
22.64144071
22.71166007
22.60649323
22.66229971
22.73802844
22.62558348
22.65265496
22.78892197
22.70103564
22.63154051
22.6417148
22.68940336
22.63010042
22.66391673
22.750664
22.72272561
22.64138032
22.77640754
22.58706534
22.69339571
22.6040497
22.6376364
22.65788521
22.61781817
22.64144071
22.78139876
22.72294122
22.67470711
22.66283814
22.65776972
22.65691327
22.73859039
22.71636331
22.52331401
22.65301422
22.5331754
22.59955905
22.65027837
22.74300109
22.63495417
22.61556463
22.68447006
22.6651428
22.69331552
22.75600203
22.73335619
22.7778578
22.70597175
22.70466497
22.65204961
22.72133411
22.68008861
22.70874974
22.60766979
22.67955589
22.67509773
22.73335619
22.61177508
22.73006657
22.65235376
22.71365257
22.67343353
22.59155498
22.670522
22.70038707
22.70743279
22.6335575
22.56419251
22.66919267
22.59628077
22.68518823
22.70700814
22.730349
22.607611
22.5609901
22.77040177
23.159336
23.12849295
23.13070225
23.13822079
23.12401896
23.19967301
23.12248087
23.20013915
23.10125022
23.12486646
23.10871181
23.12431564
23.16751438
23.13544204
23.13680577
23.11593032
23.16189407
23.10979739
23.10975809
23.09982822
23.10112473
23.14872294
23.0479764
23.11114068
22.9345908
23.39690863
23.09138071
23.21565299
22.96099325
23.21280913
23.29451408
23.23745771
23.37184576
23.38627895
23.25778406
23.08029132
23.21280913
23.25231339
23.26171206
23.19657146
23.23376317
22.60495971
23.13175901
23.12882385
23.13534304
23.13508872
23.12912268
23.13559919
23.13782219
23.13708468
23.19965405
23.16213347
23.17452179
23.13963001
23.06832244
23.14381101
23.45231332
23.46633279
23.14217367
23.4707977
23.45948327
23.46689744
23.39484028
23.4739307
23.39484028
23.09537864
23.10022614
23.11405394
23.09144379
23.09874703
23.09223544
23.07813828
23.07207495
23.0479764
22.8145924
22.8100654
22.94194927
22.95321398
22.95410901
22.94001202
22.94289179
23.17268536
23.17916744
23.19914624
23.24188766
23.19907045
23.18718813
23.22035048
23.22783298
23.23159701
23.17281527
23.20636522
23.19538681
23.22620876
23.161857
23.15645038
22.63899906
22.67057736
22.58781321
22.57204653
22.58243264
22.68008861
22.5635259
23.01217957
22.6873087
23.2177189
23.27373214
23.30080982
23.26172271
22.54605355
23.14311721
23.3004295
23.19924759
22.64153534
23.13206675
23.14246797
23.18246071
23.13891176
23.13562043
23.47430929
23.4422023
23.46444973
22.83996892
23.45803366
23.3754398
23.47484287
23.47290189
23.46841629
22.52619876
22.55528126
22.72286461
22.56778253
22.56382444
22.68155741
22.54700517
22.54938063
22.5342988
22.57872798
22.64040872
22.73383221
22.78567173
22.77248305
22.74040934
22.6614933
23.46633279
22.58197746
22.805179
22.70528903
23.09785202
22.52712849
22.54660305
22.57517644
22.5684784
22.5382642
23.13875611
23.12003249
23.13542532
23.128422
23.18845597
23.00569584
23.03272552
23.00621128
23.03122319
22.84339687
23.07059532
23.04112492
23.00022308
23.03489605
23.00573639
23.03905705
22.94081692
23.0407653
23.0387396
23.00421017
23.0488615
23.03429331
23.03041581
23.0208495
22.9908325
23.02630556
23.04334065
23.02991483
23.01281035
23.04516433
23.0024026
23.03004352
23.009444
23.0103936
23.00576024
22.88459841
22.9138949
22.9652963
22.87852312
22.87852312
23.00974206
22.85737617
22.8821413
23.04014697
23.06397425
22.88898088
22.71129853
23.06279119
22.96629587
22.96411796
22.95881496
22.88967401
22.96420705
22.96049969
23.06367854
22.96532138
23.00958915
22.78982133
23.04181877
22.96817917
22.99456666
22.97888202
22.94563836
23.0440624
];
y1=[113.9808368
113.9405252
114.2445711
113.9507227
114.2413174
113.9565735
113.8956606
113.9308596
113.9358436
113.8984817
113.9420557
114.0196493
113.9986601
113.9820093
114.1563953
114.1314072
113.9434416
114.1317447
114.0421356
114.4227421
114.0728836
114.1241536
114.0729969
114.264097
114.1549664
114.0272292
113.8966327
114.2442921
114.1214928
114.195533
114.3454188
114.0638327
114.0717177
114.378843
114.0738016
114.2299818
114.3095878
113.9057614
114.1474874
114.0586138
114.0679162
114.0747723
114.1572608
114.4227421
114.3008065
114.2777156
114.2209333
114.0263974
114.0794934
114.2100928
113.8184493
114.322257
114.0466386
114.2124549
114.0831342
114.130363
113.9366241
113.9950401
114.0448196
114.1524159
114.000085
114.0200019
113.8170784
113.8513612
113.8312919
113.9170043
113.8079954
113.9726899
114.0535937
114.0616196
113.8347861
113.8160543
113.8685312
113.8329385
113.822362
113.8312919
114.0380587
114.0666477
113.9299125
114.0652375
113.8257052
114.1259102
113.9235611
113.8449026
113.9300131
113.8513604
113.8961664
114.0384117
113.8550628
113.8115675
114.0967766
114.068783
113.8698943
113.894563
113.8551161
113.3387113
113.3506186
113.4162609
113.3894867
113.411547
113.406847
113.3611249
113.374909
113.5484367
113.5614453
113.4928846
113.4081151
113.3379544
113.390008
113.3315495
113.4204891
113.3433346
113.4534484
113.4534812
113.4849635
113.4872412
113.5152914
113.2892933
113.2782409
113.4167995
113.3475114
113.5316771
113.3005692
113.4427752
113.2563331
113.3313063
113.2042653
113.3603993
113.410599
113.3199932
113.2042061
113.2563331
113.2640936
113.2736317
113.248218
113.2234607
113.8575896
113.275758
113.4224455
113.3037146
113.3087933
113.3502696
113.3507531
113.3913207
113.3341858
113.3471287
113.3362425
113.3590439
113.373441
113.259826
113.225977
113.1865032
113.159492
113.2258303
113.1623173
113.1906655
113.1568477
113.2214471
113.2286618
113.2214471
113.340586
113.2726541
113.2681623
113.3619952
113.3145001
113.3618211
113.3563529
113.3573906
113.2892933
113.4191078
113.4141599
113.3712035
113.3659058
113.358418
113.360734
113.3606862
113.2829081
113.2579074
113.2594586
113.2770715
113.2387753
113.3366981
113.249282
113.3098073
113.283057
113.3224149
113.3358956
113.2410703
113.3095973
113.2676472
113.2549363
114.0675793
113.8735894
113.9729021
114.1188134
113.9591486
113.8347861
113.9893556
113.3974048
113.9459597
113.23556
113.3010978
113.3621418
113.2781659
114.0259737
113.2254512
113.3621215
113.334818
114.0719117
113.2749836
113.3005
113.3497966
113.3274613
113.3048107
113.163008
113.3300279
113.1728925
113.3498966
113.1869153
113.2134638
113.1908172
113.1700943
113.1611801
113.9892211
114.1160913
114.2445007
114.1781275
113.9907634
113.9462038
114.1111563
114.0502177
114.0317449
114.4936096
114.043872
113.8315273
113.9004089
113.853852
113.7890795
114.0272899
113.159492
113.8879268
113.5628515
114.1403154
113.3057915
114.0539088
114.1049551
114.1449386
113.9001112
114.0658681
113.3288103
113.2890606
113.3037677
113.4111868
113.2716284
113.1243661
113.12013
113.1241309
113.1207972
113.2557574
113.0576611
113.1373402
113.1080614
113.0901446
112.9707899
113.072597
113.0626781
113.1115737
113.1073721
113.0704232
113.0718864
113.0640067
113.121425
113.1393148
113.0723102
113.1403491
113.1056167
113.0576595
113.1202326
113.1210046
113.0651869
113.1298659
113.0925428
113.1462973
113.1355665
113.2182759
113.2240878
113.2460732
113.0553623
113.0553623
113.0855228
113.0534819
113.2179369
113.1074724
113.1073552
113.2210372
113.1614172
113.0623784
113.0906029
113.0897185
113.0899638
113.081987
113.0957859
113.1071838
113.0570744
113.0925684
113.0856424
113.1641039
113.0883982
113.0978671
113.1409256
113.0166506
113.0900415
113.125784
];
