xyz=[22.56614225	113.9808368	66
22.68620526	113.9405252	65.5
22.56484081	114.2445711	75
22.55888775	113.9507227	65.5
22.55899906	114.2413174	75
22.56277351	113.9565735	65.5
22.50001192	113.8956606	66
22.52486369	113.9308596	65.5
22.519087	113.9358436	65.5
22.4981901	113.8984817	66
22.51578568	113.9420557	65.5
22.54220963	114.0196493	66.5
22.54458961	113.9986601	67.5
22.56470734	113.9820093	66
22.58193448	114.1563953	68
22.54293611	114.1314072	67
22.52394954	113.9434416	65.5
22.54927013	114.1317447	66.5
22.7563793	114.0421356	70
22.64144071	114.4227421	75
22.71166007	114.0728836	66.5
22.60649323	114.1241536	66
22.66229971	114.0729969	65
22.73802844	114.264097	67
22.62558348	114.1549664	69
22.65265496	114.0272292	66
22.78892197	113.8966327	66
22.70103564	114.2442921	67
22.63154051	114.1214928	67
22.6417148	114.195533	68.5
22.68940336	114.3454188	70
22.63010042	114.0638327	66.5
22.66391673	114.0717177	65.5
22.750664	114.378843	70
22.72272561	114.0738016	67
22.64138032	114.2299818	67
22.77640754	114.3095878	73
22.58706534	113.9057614	66
22.69339571	114.1474874	69
22.6040497	114.0586138	66
22.6376364	114.0679162	65.5
22.65788521	114.0747723	65.5
22.61781817	114.1572608	67.5
22.64144071	114.4227421	75
22.78139876	114.3008065	73
22.72294122	114.2777156	67
22.67470711	114.2209333	67
22.66283814	114.0263974	65
22.65776972	114.0794934	65.5
22.65691327	114.2100928	66
22.73859039	113.8184493	66.5
22.71636331	114.322257	70
22.52331401	114.0466386	66.5
22.65301422	114.2124549	66
22.5331754	114.0831342	66.5
22.59955905	114.130363	66.5
22.65027837	113.9366241	68.5
22.74300109	113.9950401	71
22.63495417	114.0448196	66
22.61556463	114.1524159	67
22.68447006	114.000085	66
22.6651428	114.0200019	65.5
22.69331552	113.8170784	66
22.75600203	113.8513612	66.5
22.73335619	113.8312919	66
22.7778578	113.9170043	70
22.70597175	113.8079954	66.5
22.70466497	113.9726899	70
22.65204961	114.0535937	65.5
22.72133411	114.0616196	67
22.68008861	113.8347861	70
22.70874974	113.8160543	66
22.60766979	113.8685312	65.5
22.67955589	113.8329385	65.5
22.67509773	113.822362	65.5
22.73335619	113.8312919	66
22.61177508	114.0380587	66
22.73006657	114.0666477	66.5
22.65235376	113.9299125	70
22.71365257	114.0652375	66
22.67343353	113.8257052	65
22.59155498	114.1259102	67.5
22.670522	113.9235611	70
22.70038707	113.8449026	66
22.70743279	113.9300131	68.5
22.6335575	113.8513604	70.5
22.56419251	113.8961664	65.5
22.66919267	114.0384117	66.5
22.59628077	113.8550628	66.5
22.68518823	113.8115675	67
22.70700814	114.0967766	66
22.730349	114.068783	67
22.607611	113.8698943	65.5
22.5609901	113.894563	65.5
22.77040177	113.8551161	66
23.159336	113.3387113	65.5
23.12849295	113.3506186	65
23.13070225	113.4162609	65.5
23.13822079	113.3894867	65
23.12401896	113.411547	65
23.19967301	113.406847	68.5
23.12248087	113.3611249	65.5
23.20013915	113.374909	65.5
23.10125022	113.5484367	68
23.12486646	113.5614453	69
23.10871181	113.4928846	66.5
23.12431564	113.4081151	65
23.16751438	113.3379544	66
23.13544204	113.390008	65
23.13680577	113.3315495	65
23.11593032	113.4204891	66
23.16189407	113.3433346	66
23.10979739	113.4534484	66
23.10975809	113.4534812	66
23.09982822	113.4849635	65.5
23.10112473	113.4872412	65.5
23.14872294	113.5152914	73.5
23.0479764	113.2892933	69
23.11114068	113.2782409	66
22.9345908	113.4167995	70
23.39690863	113.3475114	75
23.09138071	113.5316771	70
23.21565299	113.3005692	66
22.96099325	113.4427752	66.5
23.21280913	113.2563331	65.5
23.29451408	113.3313063	69
23.23745771	113.2042653	70
23.37184576	113.3603993	74.5
23.38627895	113.410599	74
23.25778406	113.3199932	65.5
23.08029132	113.2042061	67.5
23.21280913	113.2563331	65.5
23.25231339	113.2640936	66.5
23.26171206	113.2736317	65.5
23.19657146	113.248218	65
23.23376317	113.2234607	67.5
22.60495971	113.8575896	66
23.13175901	113.275758	65
23.12882385	113.4224455	65.5
23.13534304	113.3037146	65
23.13508872	113.3087933	65
23.12912268	113.3502696	65.5
23.13559919	113.3507531	65.5
23.13782219	113.3913207	65
23.13708468	113.3341858	65
23.19965405	113.3471287	65.5
23.16213347	113.3362425	65.5
23.17452179	113.3590439	66.5
23.13963001	113.373441	65
23.06832244	113.259826	67
23.14381101	113.225977	66
23.45231332	113.1865032	70
23.46633279	113.159492	70
23.14217367	113.2258303	66
23.4707977	113.1623173	70
23.45948327	113.1906655	70
23.46689744	113.1568477	70
23.39484028	113.2214471	70
23.4739307	113.2286618	75
23.39484028	113.2214471	70
23.09537864	113.340586	65.5
23.10022614	113.2726541	65.5
23.11405394	113.2681623	66
23.09144379	113.3619952	66.5
23.09874703	113.3145001	65
23.09223544	113.3618211	66.5
23.07813828	113.3563529	66.5
23.07207495	113.3573906	67
23.0479764	113.2892933	69
22.8145924	113.4191078	75
22.8100654	113.4141599	75
22.94194927	113.3712035	65.5
22.95321398	113.3659058	65.5
22.95410901	113.358418	65.5
22.94001202	113.360734	65
22.94289179	113.3606862	65
23.17268536	113.2829081	67.5
23.17916744	113.2579074	65.5
23.19914624	113.2594586	65.5
23.24188766	113.2770715	66
23.19907045	113.2387753	65.5
23.18718813	113.3366981	66
23.22035048	113.249282	66
23.22783298	113.3098073	65.5
23.23159701	113.283057	65.5
23.17281527	113.3224149	66
23.20636522	113.3358956	65.5
23.19538681	113.2410703	65
23.22620876	113.3095973	65.5
23.161857	113.2676472	65.5
23.15645038	113.2549363	66.5
22.63899906	114.0675793	65.5
22.67057736	113.8735894	72.5
22.58781321	113.9729021	66.5
22.57204653	114.1188134	66
22.58243264	113.9591486	65.5
22.68008861	113.8347861	65.5
22.5635259	113.9893556	66
23.01217957	113.3974048	68
22.6873087	113.9459597	65
23.2177189	113.23556	65.5
23.27373214	113.3010978	66
23.30080982	113.3621418	65.5
23.26172271	113.2781659	65.5
22.54605355	114.0259737	66.5
23.14311721	113.2254512	66
23.3004295	113.3621215	65.5
23.19924759	113.334818	65.5
22.64153534	114.0719117	65.5
23.13206675	113.2749836	65
23.14246797	113.3005	65
23.18246071	113.3497966	66
23.13891176	113.3274613	65
23.13562043	113.3048107	65
23.47430929	113.163008	75
23.4422023	113.3300279	72
23.46444973	113.1728925	75
22.83996892	113.3498966	73.5
23.45803366	113.1869153	75
23.3754398	113.2134638	75
23.47484287	113.1908172	75
23.47290189	113.1700943	75
23.46841629	113.1611801	75
22.52619876	113.9892211	69.5
22.55528126	114.1160913	67
22.72286461	114.2445007	69
22.56778253	114.1781275	73
22.56382444	113.9907634	66.5
22.68155741	113.9462038	72
22.54700517	114.1111563	66.5
22.54938063	114.0502177	67
22.5342988	114.0317449	66
22.57872798	114.4936096	85
22.64040872	114.043872	66
22.73383221	113.8315273	65.5
22.78567173	113.9004089	65.5
22.77248305	113.853852	66
22.74040934	113.7890795	72
22.6614933	114.0272899	65
23.46633279	113.159492	72
22.58197746	113.8879268	66.5
22.805179	113.5628515	72
22.70528903	114.1403154	85
23.09785202	113.3057915	65
22.52712849	114.0539088	65.5
22.54660305	114.1049551	67
22.57517644	114.1449386	67
22.5684784	113.9001112	65.5
22.5382642	114.0658681	80
23.13875611	113.3288103	65
23.12003249	113.2890606	80
23.13542532	113.3037677	65
23.128422	113.4111868	80
23.18845597	113.2716284	80
23.00569584	113.1243661	65.5
23.03272552	113.12013	65.5
23.00621128	113.1241309	65.5
23.03122319	113.1207972	65.5
22.84339687	113.2557574	66
23.07059532	113.0576611	66
23.04112492	113.1373402	65.5
23.00022308	113.1080614	67
23.03489605	113.0901446	66
23.00573639	112.9707899	75
23.03905705	113.072597	66
22.94081692	113.0626781	72.5
23.0407653	113.1115737	65
23.0387396	113.1073721	65.5
23.00421017	113.0704232	66.5
23.0488615	113.0718864	66
23.03429331	113.0640067	66
23.03041581	113.121425	65.5
23.0208495	113.1393148	66
22.9908325	113.0723102	68
23.02630556	113.1403491	66
23.04334065	113.1056167	65.5
23.02991483	113.0576595	66
23.01281035	113.1202326	66
23.04516433	113.1210046	65.5
23.0024026	113.0651869	67
23.03004352	113.1298659	65.5
23.009444	113.0925428	66
23.0103936	113.1462973	66
23.00576024	113.1355665	65.5
22.88459841	113.2182759	68
22.9138949	113.2240878	74
22.9652963	113.2460732	71.5
22.87852312	113.0553623	75
22.87852312	113.0553623	75
23.00974206	113.0855228	65.5
